27.19
10.91
-8.17
-17.87
-26.28
-39.11
-49.09
-56.37
-60.30
-61.36
-60.52
-59.28
-57.57
-54.08
-50.10
-45.89
-42.89
-39.96
-37.01
-34.16
-31.86
-30.32
-28.38
-26.05
-23.93
-21.35
-18.16
-15.18
-12.34
-9.30
-6.70
-4.90
-2.90
-0.47
1.79
3.57
5.26
7.02
8.88
10.61
11.80
13.54
16.42
19.23
22.49
26.84
31.08
35.84
39.91
43.16
46.13
48.98
51.44
53.36
55.31
57.16
59.06
61.13
63.06
64.53
66.05
67.99
69.61
70.90
72.12
72.79
73.02
73.50
73.85
73.72
74.27
75.30
75.80
76.58
76.59
76.65
76.66
76.65
76.61
76.61
76.65
76.65
76.68
76.57
76.50
76.55
76.53
76.58
76.55
76.60
76.57
76.52
76.50
76.51
76.43
76.42
76.38
76.39
76.37
76.35
76.33
76.33
76.39
76.34
76.39
76.42
76.41
76.42
76.47
76.06
76.06
76.15
76.25
76.19
76.28
76.30
76.35
76.33
76.33
76.34
76.37
76.42
76.39
76.41
76.40
76.43
76.43
76.51
76.50
76.50
76.49
76.50
76.55
76.56
76.55
76.56
76.49
76.49
76.52
76.52
76.57
76.58
76.59
76.65
76.66
76.65
76.61
76.61
76.65
76.65
76.68
76.57
76.50
76.55
76.53
76.58
76.55
76.60
76.57
76.52
76.50
76.51
76.43
76.42
76.38
76.39
76.37
76.35
76.33
76.33
76.39
76.34
76.39
76.42
76.41
76.42
76.47
76.49
76.55
76.55
76.55
76.56
76.59
76.51
76.52
76.49
76.49
76.48
76.48
76.52
76.48
76.49
76.53
76.44
76.36
76.35
76.48
76.48
76.52
76.48
76.49
76.53
76.44
65.39
65.42
65.42
65.45
65.41
65.46
65.46
65.50
65.55
65.49
65.51
65.54
65.56
65.59
65.64
65.62
65.63
65.63
65.64
65.67
65.70
65.68
65.73
65.73
65.76
65.80
65.81
65.74
65.72
65.83
65.88
65.85
65.89
65.94
65.95
65.96
65.95
65.98
66.07
66.11
66.17
66.20
66.18
66.17
66.22
66.27
66.32
66.26
66.31
66.28
66.24
66.21
66.16
66.15
66.11
66.13
66.14
66.12
66.11
66.02
66.06
66.06
66.12
66.15
66.10
66.11
66.10
66.21
66.21
66.12
66.11
66.12
66.14
66.17
66.14
66.12
66.13
66.17
66.06
66.02
66.11
66.05
76.80
76.42
76.17
76.99
76.83
76.57
120.47
120.43
120.39
120.38
120.52
120.49
120.45
120.45
120.58
120.71
120.67
120.71
120.78
120.88
120.98
121.05
121.09
121.17
121.19
121.27
121.30
121.36
121.45
121.46
121.43
121.56
121.59
121.46
121.45
121.50
121.58
121.52
121.65
121.69
121.74
121.73
121.75
121.76
121.77
121.79
121.94
122.10
122.14
122.19
122.16
122.22
122.28
122.32
122.30
122.25
122.31
122.27
122.37
122.43
122.44
122.61
122.66
122.78
122.83
122.84
122.85
122.89
122.86
122.76
122.88
122.84
122.90
122.98
123.08
123.12
123.14
123.15
123.09
123.17
123.24
123.29
123.33
123.38
123.40
123.47
123.49
123.52
123.59
123.56
123.65
123.72
123.75
123.73
123.74
123.77
123.87
123.90
123.89
123.90
123.87
123.81
123.83
123.86
123.88
123.91
123.92
123.98
124.04
124.16
124.21
124.32
124.41
124.42
124.46
124.56
124.61
124.70
124.83
124.83
124.84
124.83
124.89
125.00
125.09
125.11
125.04
125.06
125.10
125.18
125.21
125.22
125.27
125.42
125.55
125.55
125.64
125.74
125.79
125.89
125.95
126.03

