-47.79
-32.47
-46.34
-54.53
-64.96
-71.92
-78.32
-80.26
-80.96
-79.93
-79.29
-77.29
-75.76
-72.90
-70.41
-68.95
-68.33
-67.85
-66.26
-64.44
-62.34
-60.79
-59.02
-56.79
-54.12
-52.04
-50.19
-48.14
-46.43
-45.24
-44.51
-43.47
-42.16
-40.93
-39.73
-38.90
-38.01
-37.07
-36.20
-35.05
-33.42
-31.98
-29.54
-26.60
-23.16
-19.54
-16.20
-13.27
-10.68
-8.43
-6.26
-4.47
-2.45
-0.75
0.86
2.81
4.96
6.91
8.48
10.22
11.53
13.25
14.96
16.14
17.04
18.37
19.52
20.68
22.03
23.47
25.07
26.48
27.84
29.29
30.94
32.64
34.02
35.49
37.10
38.45
39.29
40.16
41.09
41.90
42.75
43.67
44.69
45.73
46.81
48.02
49.24
50.46
51.33
52.11
53.03
53.96
54.98
55.92
56.84
57.51
58.32
58.88
59.30
59.80
60.22
60.62
61.07
61.38
61.75
62.35
62.95
63.38
63.58
63.72
63.75
64.03
64.39
64.67
64.74
64.75
64.82
64.97
65.05
65.04
65.05
65.09
65.12
65.11
65.12
65.11
65.11
65.07
65.22
65.26
65.29
65.35
65.36
65.37
65.38
65.35
65.36
65.38
65.36
65.33
65.38
65.36
65.14
65.17
65.18
65.16
65.16
65.18
65.18
65.25
65.26
65.21
65.23
65.20
65.18
65.14
65.12
65.14
65.22
65.15
65.09
65.05
65.03
65.08
65.13
65.24
65.27
65.23
65.21
65.19
65.23
65.24
65.28
65.32
65.30
65.32
65.26
65.25
65.29
65.35
65.31
65.31
65.38
65.38
65.35
65.30
65.23
65.23
65.17
65.11
65.12
65.08
65.07
65.06
65.13
65.15
65.21
65.22
65.18
65.22
65.25
65.23
65.25
65.25
65.24
65.17
65.16
65.11
65.08
65.06
65.06
65.05
65.07
65.08
65.13
65.14
65.14
65.14
65.07
65.07
65.08
65.11
65.10
65.08
65.13
65.12
65.16
65.15
65.17
65.14
65.17
65.20
65.20
65.16
65.08
65.05
65.00
64.98
65.02
65.08
65.07
65.06
65.05
65.05
65.03
65.06
65.05
65.06
65.01
65.06
65.05
64.99
64.95
65.00
65.03
65.04
65.04
65.06
65.06
65.15
65.25
65.19
65.28
65.30
65.35
65.33
65.33
65.34
65.37
65.42
65.39
65.41
65.40
65.43
65.43
65.51
65.50
65.50
65.49
65.50
65.55
65.56
65.55
65.56
65.49
65.49
65.52
65.52
65.57
65.58
65.59
65.65
65.66
65.65
65.61
65.61
65.65
65.65
65.68
65.57
65.50
65.55
65.53
65.58
65.55
65.60
65.57
65.52
65.50
65.51
65.43
65.42
65.38
65.39
65.37
65.35
65.33
65.33
65.39
65.34
65.39
65.42
65.41
65.42
65.47
65.49
65.55
65.55
65.55
65.56
65.59
65.51
65.52
65.49
65.49
65.48
65.48
65.52
65.48
65.49
65.53
65.44
65.36
65.35
65.37
65.37
65.41
65.42
65.44
65.39
65.42
65.42
65.45
65.41
65.46
65.46
65.50
65.55
65.49
65.51
65.54
65.56
65.59
65.64
65.62
65.63
65.63
65.64
65.67
65.70
65.68
65.73
65.73
65.76
65.80
65.81
65.74
65.72
65.83
65.88
65.85
65.89
65.94
65.95
65.96
65.95
65.98
66.07
66.11
66.17
66.20
66.18
66.17
66.22
66.27
66.32
66.26
66.31
66.28
66.24
66.21
66.16
66.15
66.11
66.13
66.14
66.12
66.11
66.02
66.06
66.06
66.12
66.15
66.10
66.11
66.10
66.21
66.21
66.12
66.11
66.12
66.14
66.17
66.14
66.12
66.13
66.17
66.06
66.02
66.11
66.05
