547.54
546.04
544.54
543.05
541.57
540.08
538.59
537.37
535.88
534.39
532.90
531.40
529.91
528.41
526.91
525.41
523.93
522.72
521.23
519.73
518.23
516.73
515.23
514.16
512.67
511.28
509.79
508.29
506.79
505.29
503.80
502.30
500.80
499.31
497.81
496.33
494.84
495.82
494.32
492.82
491.32
489.82
488.33
486.95
485.46
483.97
482.47
480.99
479.87
478.38
478.21
476.72
475.22
473.72
472.23
470.73
469.31
467.81
466.31
464.81
463.33
461.83
460.34
458.88
457.76
456.26
454.76
453.31
451.96
450.68
449.19
447.79
446.71
445.21
443.73
442.54
441.05
439.63
438.15
436.71
435.56
434.06
432.81
431.32
429.82
428.43
426.96
425.47
426.88
425.38
423.89
424.08
422.72
421.25
419.77
418.38
419.87
419.71
418.32
416.84
415.37
416.87
415.37
413.92
412.47
412.69
411.20
409.78
408.35
409.74
408.93
407.50
408.52
407.32
405.85
404.42
403.00
403.41
401.99
400.51
401.41
399.92
399.77
398.36
397.01
396.38
397.19
396.46
397.09
398.38
397.05
396.58
395.69
394.49
395.32
396.76
395.64
396.36
396.51
395.91
395.51
396.50
397.98
396.80
398.11
397.05
395.69
396.73
395.64
397.09
397.83
396.40
397.14
396.43
397.42
398.35
399.51
398.04
