76.27
77.77
79.27
80.76
82.26
83.74
85.17
86.67
88.17
89.67
91.15
92.65
94.15
95.64
97.11
98.59
100.06
101.56
103.02
104.52
106.01
107.51
109.00
110.50
111.99
113.46
114.95
116.45
117.93
119.43
120.93
122.43
123.92
125.41
126.91
128.41
129.91
131.41
132.85
134.20
135.69
137.19
138.68
140.13
141.61
143.07
144.56
146.05
147.52
149.02
150.52
152.02
153.20
154.70
156.20
157.68
159.18
160.68
162.05
163.27
164.73
166.23
167.69
169.10
170.59
172.09
173.58
175.06
176.55
178.04
179.42
180.91
182.39
183.87
185.37
186.85
188.35
189.82
191.32
192.80
194.29
195.67
197.17
198.66
200.11
201.61
203.11
204.54
206.04
207.54
209.02
210.52
212.01
213.49
214.95
216.44
217.93
219.43
220.93
222.29
223.69
225.19
226.67
228.17
229.67
231.12
232.62
234.12
235.62
237.12
238.57
240.06
241.56
243.06
244.55
246.05
247.54
249.04
250.53
252.03
253.52
255.02
256.46
257.96
259.46
260.95
262.44
263.91
265.40
266.90
268.40
269.90
271.37
272.87
274.37
275.87
277.37
278.83
280.33
281.82
283.32
284.74
286.24
287.57
289.07
290.57
292.06
293.56
295.06
296.56
298.06
299.53
301.01
302.51
304.01
305.51
307.01
308.51
