547.54
546.31
546.09
545.76
545.86
545.12
545.27
545.20
545.05
544.10
543.23
542.23
541.23
539.20
538.21
537.15
536.04
533.06
531.16
529.30
527.93
524.43
523.10
521.99
521.02
519.17
518.31
517.33
516.73
515.07
514.14
513.92
513.26
512.47
512.05
511.35
510.81
509.06
507.97
507.07
506.07
503.96
502.71
501.22
500.03
496.90
495.07
493.28
491.99
489.15
488.09
487.22
486.18
484.98
484.10
483.22
482.98
481.99
481.83
481.19
481.05
480.60
480.15
480.01
479.10
477.78
477.05
476.12
475.32
473.83
472.34
471.16
470.08
467.11
465.70
464.10
463.06
460.92
460.10
459.27
458.97
457.46
456.84
456.05
455.35
454.30
454.16
454.04
453.61
453.03
452.10
451.27
450.77
449.00
448.05
447.12
446.14
444.09
443.03
441.40
440.06
437.17
436.06
435.04
434.19
433.08
432.38
431.97
431.76
430.98
430.77
430.36
430.17
430.03
430.06
430.01
429.77
428.96
428.22
428.01
427.23
426.25
426.04
425.32
424.53
422.86
421.98
420.97
420.03
418.46
418.00
417.80
417.14
417.02
416.32
416.07
415.92
415.31
415.14
415.12
415.13
414.96
414.68
414.12
413.94
412.98
412.10
411.21
411.00
409.74
409.09
408.07
407.14
405.26
404.19
403.29
403.07
402.19
402.05
402.01
401.88
401.67
401.60
401.88
401.94
402.23
402.59
402.99
403.14
403.10
403.09
403.04
403.06
402.54
402.11
402.03
401.31
400.19
399.52
399.03
398.19
397.22
397.03
397.05
396.99
396.64
