76.27
86.63
78.40
79.28
100.02
81.82
73.84
84.17
97.07
89.87
93.13
93.47
111.39
90.85
93.90
91.60
101.51
97.06
93.42
105.40
126.66
95.27
112.36
129.99
98.84
111.64
117.70
120.59
120.50
103.88
123.59
124.53
142.33
128.83
133.27
140.53
122.98
153.58
150.12
141.25
145.58
155.22
154.49
142.91
156.82
163.45
146.85
133.33
150.16
153.44
172.17
156.72
158.38
161.24
162.21
162.66
146.95
164.76
181.11
185.27
148.49
173.86
175.18
163.18
156.99
167.49
163.50
191.76
180.22
195.89
182.31
179.70
175.39
180.78
188.12
187.84
189.29
192.64
193.46
195.49
197.13
198.87
199.90
214.68
200.69
218.48
183.86
187.68
205.86
196.25
199.01
210.84
212.48
206.64
215.42
201.91
202.95
228.94
201.09
219.26
218.86
225.31
210.96
232.34
225.06
243.75
244.57
220.00
219.42
236.17
216.27
218.58
215.42
222.01
234.75
233.13
234.36
239.97
224.76
252.86
223.40
243.48
247.31
244.11
244.44
245.43
246.06
242.83
234.77
248.39
251.67
239.82
254.40
273.66
257.03
257.48
256.48
256.18
259.29
259.79
261.99
264.74
254.63
262.54
267.15
265.70
273.32
267.69
264.11
257.15
272.08
272.46
253.83
271.13
258.37
260.06
282.51
281.31
270.64
285.87
282.31
286.32
286.76
279.54
284.50
278.86
293.33
311.32
286.71
297.27
296.49
298.24
301.14
309.35
300.58
301.26
284.88
301.81
299.22
300.07
304.23
306.34
307.56
310.33
311.94
311.78
